Fish	Sex	Length	AnalFinLength	DorsalFinLength	DorsalFinHeight	BodyDepthMidBody	ln(Length)	ln(AnalFinLength)	ln(DorsalFinLength)	ln(DorsalFinHeight)	ln(BodyDepth)
31	F	19.74	3.47	2.2	3.55	5.1	2.982647034	1.244154594	0.78845736	1.266947603	1.62924054
35	F	19.98	3.47	2.83	3.63	5.3	2.994731773	1.244154594	1.040276712	1.289232648	1.667706821
27	F	20.75	3.55	2.28	4.17	5.63	3.032546247	1.266947603	0.824175443	1.427916036	1.728109442
23	F	21.97	4.05	2.81	3.74	5.7	3.089677886	1.398716881	1.033184483	1.319085611	1.740466175
20	F	22.52	3.55	2.32	4.12	5.82	3.114403803	1.266947603	0.841567186	1.415853163	1.761300262
18	F	23.9	4.42	2.18	4.15	6.4	3.173878459	1.486139696	0.779324877	1.423108334	1.85629799
11	F	24.32	4	3.98	4.4	6.36	3.191299057	1.386294361	1.381281819	1.481604541	1.850028377
19	F	24.59	4.24	3.46	4.3	6.6	3.202339856	1.444563269	1.241268589	1.458615023	1.887069649
13	F	25.11	4.98	3.85	5.163	7.02	3.223266173	1.605429891	1.348073148	1.641517806	1.948763218
25	F	25.12	4.45	3.17	4.38	6.9	3.223664342	1.492904096	1.153731588	1.477048724	1.931521412
12	F	25.22	4.74	2.97	4.49	6.7	3.227637331	1.556037136	1.088561953	1.501852702	1.902107526
3	F	25.48	4.32	3.25	4.76	6.75	3.237893831	1.463255402	1.178654996	1.560247668	1.909542505
26	F	26.03	4.71	3.09	5.06	7.22	3.259249719	1.549687908	1.128171091	1.621366483	1.976854953
9	F	26.29	4.78	3.79	5.07	7.18	3.269188639	1.564440547	1.332366019	1.623340818	1.971299383
8	F	26.41	4.74	3.56	4.62	7.3	3.273742726	1.556037136	1.269760545	1.530394705	1.987874348
16	F	26.52	4.85	4.06	4.89	7.31	3.277899165	1.578978705	1.401182974	1.587192303	1.989243274
5	F	27.06	4.8	4.19	5.21	7.38	3.298056623	1.568615918	1.432700734	1.650579856	1.998773639
24	F	27.13	5.28	3.76	4.72	7.05	3.300640127	1.663926098	1.324418957	1.5518088	1.953027617
4	F	27.36	5.22	3.12	4.84	7.31	3.309082093	1.652497402	1.137833002	1.576914721	1.989243274
32	F	27.43	4.88	4.81	5.2	7.53	3.311637305	1.58514522	1.570697084	1.648658626	2.018895042
36	F	28.74	5.35	4.46	5.39	8.19	3.358289881	1.677096561	1.495148766	1.684545385	2.102913898
10	F	28.78	4.53	3.52	5.17	7.72	3.359680701	1.510721939	1.25846099	1.642872689	2.043814364
21	F	30.29	5.58	5.27	5.41	8.14	3.410817625	1.719188776	1.662030363	1.688249093	2.09679018
F38	F	30.94	5.33	4.32	3.73	10.33	3.432049845	1.673351238	1.463255402	1.316408234	2.335052283
F40	F	31.07	4.28	5.56	4.47	11.67	3.436242723	1.45395301	1.715598108	1.497388409	2.457021446
14	F	31.08	5.7	5.87	5.29	8.56	3.436564525	1.740466175	1.769854634	1.665818246	2.14710019
15	F	31.2	5.7	5.36	5.46	8.48	3.440418095	1.740466175	1.678963975	1.69744879	2.13771045
F41	F	31.91	5.72	6.19	4.24	11.14	3.46291944	1.743968805	1.822935087	1.444563269	2.410542234
7	F	32.15	5.72	4.02	5.83	8.78	3.470412451	1.743968805	1.391281903	1.763017	2.172476408
28	F	32.58	5.32	4.6	6.07	8.52	3.483698603	1.671473303	1.526056303	1.803358605	2.142416341
17	F	32.61	6.21	4.23	6.09	9.7	3.48461899	1.826160896	1.442201993	1.806648082	2.272125886
30	F	32.99	6.06	4.04	5.69	8.67	3.496204485	1.8017098	1.396244692	1.738710248	2.159868791
F33	F	33.11	5.05	5.31	4.48	11.05	3.499835352	1.619388243	1.669591835	1.499623046	2.402430428
F39	F	33.17	5.3	5.71	3.04	9.71	3.501645853	1.667706821	1.742219024	1.111857515	2.273156282
F34	F	33.2	4.57	5.38	3.66	10.76	3.502549876	1.519513205	1.682688374	1.297463147	2.375835555
F36	F	33.28	5.93	5.31	4.16	10.66	3.504956616	1.780024213	1.669591835	1.425515074	2.366498419
29	F	33.36	6.43	5.52	6.56	10.24	3.507357577	1.860974538	1.70837786	1.880990603	2.32630162
33	F	33.4	6.28	6.1	5.89	8.71	3.5085559	1.83736998	1.808288771	1.773255998	2.164471791
F29	F	33.44	5.95	5.11	3.77	12.21	3.509752788	1.78339122	1.631199404	1.327075001	2.502255288
22	F	33.45	5.66	3.96	6.15	9.41	3.510051787	1.733423892	1.376244025	1.816452082	2.241772954
F42	F	33.93	5.35	5.97	4.73	11.18	3.524299579	1.677096561	1.786746927	1.553925203	2.414126468
F32	F	34.12	5.61	6.18	4.58	11.62	3.529883723	1.72455072	1.821318271	1.521698998	2.452727751
6	F	34.54	5.62	3.77	4.64	8.83	3.542118073	1.726331664	1.327075001	1.534714366	2.178155015
34	F	34.78	6.25	4.65	6.07	9.39	3.549042509	1.832581464	1.53686722	1.803358605	2.239645293
F31	F	34.85	6.62	5.35	4.67	9.93	3.551053137	1.89009537	1.677096561	1.541159072	2.295560478
F30	F	34.91	5.45	4.95	2.86	11.42	3.552773321	1.695615609	1.599387577	1.050821625	2.435366204
2	F	35.32	6.1	4.3	5.94	10.01	3.564449376	1.808288771	1.458615023	1.781709133	2.303584593
F37	F	36.73	6.33	6.37	5.4	12.86	3.60359386	1.845300236	1.85159947	1.686398954	2.554121719
1	F	37.32	6.79	7.43	6.96	11.22	3.619529376	1.915450942	2.005525859	1.940179474	2.4176979
F28	F	37.79	5.27	6.35	3.82	14.14	3.632044517	1.662030363	1.848454813	1.340250423	2.64900766
F25	F	38.15	4.64	6.93	4.11	14.12	3.641525758	1.534714366	1.935859813	1.413423029	2.647592232
F17	F	38.79	6.47	6.63	4.91	14.7	3.658162481	1.867176109	1.891604804	1.591273942	2.687847494
F26	F	39.11	6.18	6.12	4.69	13.14	3.666378189	1.821318271	1.811562097	1.545432582	2.575661013
F27	F	40.67	7.19	4.55	4.74	16.33	3.70549072	1.972691172	1.515127233	1.556037136	2.793003907
F23	F	40.89	6.62	6.87	4.69	13.99	3.710885534	1.89009537	1.927164106	1.545432582	2.638342789
F12	F	41.62	6.26	7.24	6.19	13.49	3.728580821	1.834180185	1.979621206	1.822935087	2.60194867
F13	F	41.93	7.47	7.34	5.38	14.74	3.736001561	2.010894999	1.993338843	1.682688374	2.690564887
F11	F	42.31	7.22	7.69	6.22	14.95	3.745023465	1.976854953	2.039920784	1.827769907	2.7047113
F19	F	43.2	7.55	7.35	4.98	15.61	3.765840495	2.021547563	1.994700313	1.605429891	2.747911735
F16	F	43.31	7.78	6.76	4.94	14.75	3.768383555	2.051556338	1.91102289	1.597365331	2.691243083
F15	F	43.68	7.51	4.89	4.45	12.91	3.776890331	2.016235466	1.587192303	1.492904096	2.558002205
F10	F	43.76	7.23	8.06	5.7	14.47	3.778720158	1.978239036	2.086913557	1.740466175	2.672077541
F14	F	44.04	7.81	7.29	4.62	16.11	3.785098312	2.055404964	1.986503546	1.530394705	2.779440197
F18	F	44.65	7.9	5.93	5.43	16.56	3.798854307	2.066862759	1.780024213	1.691939134	2.806990149
F9	F	44.75	7.75	6.99	6.08	16.58	3.801091445	2.047692843	1.944480556	1.805004696	2.80819715
F22	F	44.78	7.41	7.45	5.58	16.44	3.801761611	2.002830439	2.008214032	1.719188776	2.79971739
F8	F	45.53	7.59	7.88	5.89	15.93	3.818371449	2.026831591	2.064327904	1.773255998	2.768204124
F24	F	45.67	7.69	6.84	6.24	16.31	3.821441627	2.039920784	1.922787732	1.830980182	2.791778417
F6	F	45.93	8.42	8.29	4.28	17.09	3.827118498	2.130609828	2.115049969	1.45395301	2.838493497
F20	F	47.57	8.16	7.55	5.07	17.49	3.86220231	2.099244169	2.021547563	1.623340818	2.861629289
F5	F	47.86	8.87	8.25	5.12	17.01	3.868280082	2.182674796	2.1102132	1.633154439	2.833801406
F21	F	48.82	8.54	8.35	6.35	19.91	3.888140065	2.144761008	2.122261539	1.848454813	2.991222118
F7	F	50.06	9.02	8.6	5.14	18.09	3.913222286	2.199444334	2.151762203	1.637053079	2.895359299
F43	F	51.77	7.04	8.6	5.89	20.13	3.946810831	1.95160817	2.151762203	1.773255998	3.00221124
F1	F	52.04	10.82	8.58	5.07	20.43	3.952012654	2.381396273	2.149433913	1.623340818	3.017004409
F3	F	52.64	9.72	9.32	5.94	18.93	3.963476287	2.274185618	2.232162629	1.781709133	2.940747965
F4	F	52.83	8.88	4.92	4.5	17.22	3.967079211	2.183801557	1.593308531	1.504077397	2.846071499
F2	F	54.74	10.16	9.13	5.16	21.07	4.002594704	2.318458442	2.211565695	1.640936579	3.047850228
17	M	19.08	5.99	2.17	4.45	6.64	2.948640666	1.790091412	0.774727168	1.492904096	1.893111963
15	M	19.56	6.35	2.36	4.76	6.59	2.973486665	1.848454813	0.858661619	1.560247668	1.885553349
19	M	21.12	6.39	2.45	4.88	6.95	3.050220459	1.854734268	0.896088025	1.58514522	1.93874166
21	M	21.37	6.97	2.31	5.16	7.37	3.061988069	1.941615225	0.837247525	1.640936579	1.997417706
8	M	21.42	6.51	3.01	4.92	7.3	3.064325065	1.873339456	1.101940079	1.593308531	1.987874348
9	M	21.66	6.49	2.31	5.33	7.89	3.075467242	1.870262531	0.837247525	1.673351238	2.065596135
22	M	21.73	6.78	2.51	5.36	7.64	3.078693794	1.913977102	0.920282753	1.678963975	2.033397603
3	M	22.76	6.37	2.41	5.19	7.35	3.125004609	1.85159947	0.879626748	1.646733697	1.994700313
5	M	22.79	6.9	3.24	5.95	8.11	3.126321843	1.931521412	1.17557333	1.78339122	2.093097868
1	M	23.11	7.06	2.54	5.11	7.62	3.140265424	1.954445052	0.932164081	1.631199404	2.03077637
18	M	23.5	6.87	3.8	5.92	8.19	3.157000421	1.927164106	1.335001067	1.778336449	2.102913898
13	M	24.39	6.69	3.09	6.23	8.93	3.194173212	1.900613874	1.128171091	1.829376333	2.189416395
M25	M	25.13	5.94	3.2	3.42	8.34	3.224062352	1.781709133	1.16315081	1.229640551	2.121063216
4	M	25.37	7.39	3.15	6.48	8.95	3.233567374	2.000127735	1.147402453	1.86872051	2.191653532
M27	M	26.22	7.75	4.03	3.1	9.21	3.266522478	2.047692843	1.393766376	1.131402111	2.22028985
M24	M	26.25	6.74	3.66	3.93	8.64	3.267665989	1.908059925	1.297463147	1.368639426	2.156402583
20	M	27.06	7.28	3.95	6.78	9.4	3.298056623	1.985130862	1.373715579	1.913977102	2.240709689
6	M	27.07	7.37	2.97	6.34	9.23	3.298426104	1.997417706	1.088561953	1.846878768	2.222459049
M26	M	27.13	6.2	3.14	2.81	9.24	3.300640127	1.824549292	1.1442228	1.033184483	2.223541886
M20	M	27.39	6.74	3.77	3.02	9.27	3.310177983	1.908059925	1.327075001	1.105256831	2.22678338
10	M	27.52	7.72	4.07	6.79	9.83	3.314913013	2.043814364	1.403642999	1.915450942	2.285438934
M23	M	27.53	6.76	4.2	3.66	9.64	3.315276319	1.91102289	1.435084525	1.297463147	2.265921109
M21	M	28.06	6.6	3.49	4.14	9.91	3.334345075	1.887069649	1.249901736	1.420695788	2.293544348
2	M	28.17	8.2	3.71	6.59	10.25	3.338257582	2.104134154	1.311031877	1.885553349	2.327277706
11	M	28.21	8.05	3.05	6.71	9.9	3.339676525	2.085672091	1.115141591	1.903598951	2.292534757
12	M	28.54	8.09	3.49	6.92	10.16	3.351306612	2.090628731	1.249901736	1.93441577	2.318458442
M19	M	28.69	7.55	3.97	3.82	10.26	3.35654863	2.021547563	1.378766095	1.340250423	2.32825284
16	M	28.76	8.1	3.83	7.25	9.7	3.358985533	2.091864062	1.342864803	1.981001469	2.272125886
M15	M	29.85	8.22	4.22	4.3	10.62	3.39618484	2.106570209	1.439835128	1.458615023	2.362739016
M16	M	30.42	7.37	4.49	4.29	10.66	3.415100287	1.997417706	1.501852702	1.456286733	2.366498419
M17	M	31.3	7.51	4.77	4.25	11.41	3.443618098	2.016235466	1.562346305	1.446918983	2.434490164
7	M	31.51	8.63	4.05	7.62	11.71	3.450304956	2.155244505	1.398716881	2.03077637	2.460443178
M14	M	31.87	8.67	4.16	4.05	10.74	3.461665128	2.159868791	1.425515074	1.398716881	2.373975089
M11	M	32.29	7.44	4.62	5.38	11.47	3.474757585	2.006870849	1.530394705	1.682688374	2.439734931
M18	M	32.33	8.06	6.3	5.12	11.4	3.475995592	2.086913557	1.840549633	1.633154439	2.433613355
M13	M	32.61	8.18	4.96	3.86	11.73	3.48461899	2.101692151	1.601405741	1.350667183	2.462149663
M10	M	32.75	8.07	5.52	4.04	11.84	3.488902962	2.088153482	1.70837786	1.396244692	2.471483629
M9	M	32.78	8.35	4.7	4.01	11.58	3.489818573	2.122261539	1.547562509	1.388791241	2.449279472
M12	M	34.08	7.72	4.6	5.17	12.27	3.528710702	2.043814364	1.526056303	1.642872689	2.507157259
M8	M	34.43	7.93	5.09	5.23	13.01	3.538928277	2.070653036	1.627277831	1.654411278	2.565718293
14	M	34.52	9.59	4.62	8.77	13.11	3.541538866	2.260720889	1.530394705	2.171336806	2.573375298
M7	M	36.17	8.7	6.33	5.04	12.44	3.588230046	2.163323026	1.845300236	1.617406082	2.520917087
M2	M	37.64	8.63	5.22	5.7	13.56	3.628067315	2.155244505	1.652497402	1.740466175	2.607124283
M6	M	38.22	9.12	6.48	6.03	14	3.643358939	2.210469804	1.86872051	1.796747011	2.63905733
M4	M	38.48	9.06	3.76	5.8	13.87	3.650138626	2.20386912	1.324418957	1.757857918	2.629728234
M1	M	38.58	8.67	6.98	6.75	13.68	3.652734007	2.159868791	1.943048917	1.909542505	2.615934912
M5	M	39.8	8.37	5.98	5.85	14.42	3.683866912	2.124653885	1.788420568	1.766441661	2.668616132
M3	M	40.05	9.72	5.99	5.83	15.23	3.690128674	2.274185618	1.790091412	1.763017	2.723267167
