Fish	Sex	Length	AnalFinLength	DorsalFinLength	DorsalFinHeight	BodyDepthMidBody	ln(Length)	ln(AnalFinLength)	ln(DorsalFinLength)	ln(DorsalFinHeight)	ln(BodyDepth)
F5	F	22.54	2.91	2.6	2.01	8.93	3.115291509	1.068153081	0.955511445	0.698134722	2.189416395
F6	F	22.6	3.16	2.73	2.7	8.5	3.117949906	1.150572028	1.004301609	0.993251773	2.140066163
F7	F	23.12	3.21	3.01	2.05	9.29	3.140698044	1.166270937	1.101940079	0.717839793	2.228938553
F4	F	23.64	3.05	2.81	1.92	9.6	3.162940193	1.115141591	1.033184483	0.652325186	2.261763098
F2	F	23.92	3.16	3.23	2.4	10	3.174714929	1.150572028	1.172482137	0.875468737	2.302585093
F1	F	24.45	2.95	3.3	2.47	9.49	3.196630216	1.08180517	1.193922468	0.904218151	2.250238613
F3	F	24.75	2.89	3.24	2.61	9.36	3.208825489	1.061256502	1.17557333	0.959350221	2.23644529
UF37	F	28.75	3.72	3.66	2.96	10.78	3.358637767	1.313723668	1.297463147	1.085189268	2.377692565
UF34	F	28.89	3.68	3.77	2.33	10.51	3.363495514	1.302912752	1.327075001	0.845868268	2.352327185
UF36	F	29.03	4.08	3.68	2.36	9.82	3.368329778	1.406096988	1.302912752	0.858661619	2.284421122
UF35	F	29.87	3.2	3.87	2.54	11.12	3.396854632	1.16315081	1.353254507	0.932164081	2.408745289
UF12	F	29.92	3.74	3.31	3.45	12.2	3.398527153	1.319085611	1.196948189	1.238374231	2.501435952
UF30	F	30.68	3.22	3.96	2.44	12.24	3.423610976	1.16938136	1.376244025	0.891998039	2.504709277
UF23	F	31.22	4.1	4.62	2.92	11.3	3.441058915	1.410986974	1.530394705	1.071583616	2.424802726
UF33	F	31.3	4.36	4.46	3.12	11.81	3.443618098	1.472472057	1.495148766	1.137833002	2.46894663
UF29	F	31.66	3.81	4.59	2.73	12.18	3.455054054	1.337629189	1.523880024	1.004301609	2.499795262
UF31	F	31.76	4.46	4.72	3.17	11.99	3.458207636	1.495148766	1.5518088	1.153731588	2.484072969
UF28	F	31.92	3.65	4.31	3.59	11.71	3.463232773	1.294727168	1.460937904	1.278152203	2.460443178
UF18	F	32.09	3.78	5.39	3.62	12.36	3.468544455	1.32972401	1.684545385	1.286474026	2.514465452
UF20	F	32.09	3.84	4.91	3.4	11.87	3.468544455	1.345472367	1.591273942	1.223775432	2.474014209
UF32	F	32.16	4.13	4.33	3.49	11.34	3.470723444	1.418277407	1.465567542	1.249901736	2.428336298
UF21	F	32.27	3.5	4.53	3.34	11.46	3.474138006	1.252762968	1.510721939	1.205970807	2.438862711
UF22	F	32.42	3.76	4.59	3.64	11.02	3.478775516	1.324418957	1.523880024	1.291983682	2.399711804
UF15	F	32.47	3.75	4.54	3.22	13.54	3.480316586	1.32175584	1.512927012	1.16938136	2.605648267
UF26	F	32.49	3.96	4.29	3.72	12.67	3.48093235	1.376244025	1.456286733	1.313723668	2.539236994
UF6	F	32.5	4.38	4.07	3.17	12.13	3.481240089	1.477048724	1.403642999	1.153731588	2.495681723
UF11	F	32.51	4.32	4.28	3.51	13.51	3.481547734	1.463255402	1.45395301	1.255616037	2.603430152
UF9	F	32.56	4.09	4.59	3.29	12.61	3.483084541	1.40854497	1.523880024	1.190887565	2.53449015
UF27	F	32.66	3.06	4.61	3.28	12.35	3.486151088	1.118414916	1.528227857	1.187843422	2.513656063
UF7	F	33.02	3.93	4.67	3.77	12.44	3.497113438	1.368639426	1.541159072	1.327075001	2.520917087
UF16	F	33.4	4	4.99	3.03	11.93	3.5085559	1.386294361	1.60743591	1.10856262	2.479056236
UF13	F	33.73	4.07	4.72	3.52	12.05	3.518387649	1.403642999	1.5518088	1.25846099	2.48906466
UF19	F	33.89	4.36	5.02	3.36	12.45	3.523119986	1.472472057	1.613429934	1.211940974	2.521720623
UF8	F	34.26	4.03	4.79	3.49	12.97	3.533978493	1.393766376	1.566530411	1.249901736	2.562638998
UF10	F	34.77	3.63	5.08	3.61	13.83	3.548754946	1.289232648	1.625311262	1.283707772	2.626840146
UF5	F	34.86	4.39	4.45	3.66	13.95	3.55134004	1.479329227	1.492904096	1.297463147	2.635479508
UF14	F	35.64	4.37	5.06	3.48	13.67	3.573468603	1.474763009	1.621366483	1.247032294	2.615203651
UF4	F	35.78	4.41	5.2	4.3	13.37	3.577389078	1.483874689	1.648658626	1.458615023	2.593013391
UF3	F	35.8	4.67	5.12	2.66	13.2	3.577947893	1.541159072	1.633154439	0.978326123	2.58021683
UF2	F	36.6	5.74	4.93	3.67	14.81	3.60004824	1.74745921	1.595338988	1.300191662	2.695302628
UF1	F	36.77	5.63	4.63	2.45	14.27	3.604682295	1.728109442	1.532556868	0.896088025	2.658159431
M5	M	21.87	6.51	3.03	2.64	8.21	3.085115835	1.873339456	1.10856262	0.970778917	2.105352923
M3	M	22.49	6.8	4.24	3.62	8.74	3.113070766	1.916922612	1.444563269	1.286474026	2.16791019
M4	M	22.97	6.96	4.02	3.44	8.83	3.134189017	1.940179474	1.391281903	1.235471471	2.178155015
M2	M	24.04	7.08	2.98	3.29	9.72	3.17971911	1.957273908	1.091923301	1.190887565	2.274185618
UM14	M	24.64	7.83	4.31	4.24	9.56	3.204371139	2.05796251	1.460937904	1.444563269	2.257587727
M1	M	25.37	7.18	3.46	2.16	10.3	3.233567374	1.971299383	1.241268589	0.770108222	2.332143895
UM13	M	26.65	6.79	5.43	3.77	10.13	3.282789151	1.915450942	1.691939134	1.327075001	2.315501318
UM12	M	27.01	7.5	4.32	3.42	10.42	3.296207168	2.014903021	1.463255402	1.229640551	2.343727036
UM9	M	27.33	7.96	4.8	3.99	10.92	3.307985	2.074429	1.568615918	1.383791231	2.39059597
UM11	M	27.61	8.54	4.93	4.68	10.66	3.318178026	2.144761008	1.595338988	1.54329811	2.366498419
UM5	M	27.97	7.84	4.57	3.47	10.73	3.331132507	2.059238834	1.519513205	1.244154594	2.373043557
UM3	M	28.42	8.16	5.29	4.51	10.79	3.347093123	2.099244169	1.665818246	1.506297154	2.378619779
UM7	M	28.65	8.19	5.28	4.29	10.51	3.355153443	2.102913898	1.663926098	1.456286733	2.352327185
UM4	M	28.68	7.96	4.89	4.51	10.5	3.356200016	2.074429	1.587192303	1.506297154	2.351375257
UM2	M	28.97	7.7	4.77	4.24	11.03	3.366260812	2.041220329	1.562346305	1.444563269	2.400618833
UM10	M	28.97	8.55	5.16	2.92	10.81	3.366260812	2.145931283	1.640936579	1.071583616	2.380471632
UM1	M	29.17	8.16	5.42	3.64	11.38	3.373140784	2.099244169	1.690095815	1.291983682	2.431857429
UM8	M	29.33	8.25	5.11	4.36	11.3	3.378610883	2.1102132	1.631199404	1.472472057	2.424802726
UM6	M	29.72	8.43	5.45	4.72	11.43	3.39182022	2.131796772	1.695615609	1.5518088	2.436241478
